15 0.203125 0.33203125 0.203125 0.390625
12 0.4765625 0.19140625 0.12890625 0.2890625
16 0.47265625 0.5 0.13671875 0.28125
9 0.4765625 0.8125 0.1328125 0.30078125
10 0.6171875 0.8046875 0.12890625 0.3125
17 0.6171875 0.49609375 0.12890625 0.29296875
13 0.62109375 0.1953125 0.12890625 0.29296875
14 0.7578125 0.1953125 0.125 0.27734375
18 0.75390625 0.5 0.12109375 0.28515625
11 0.75390625 0.80078125 0.1328125 0.29296875
15 0.8984375 0.19921875 0.13671875 0.28515625
19 0.8984375 0.5 0.1328125 0.2890625